4.110560784081113694e-01
3.875967274104893390e-01
3.984844770971356365e-01
2.729454215195508682e-01
4.109694113111457270e-01
1.034124233863244202e-01
5.564514359557401479e-02
-1.431026723585772202e-02
-1.378436730102447216e-01
2.534722509496957765e-01
5.148350231570894553e-02
2.357796970090682634e-02
-2.073988347200621252e-02
-1.371445017082295603e-01
-1.243399418844411408e-01
-1.559215577553532961e-01
-7.752288731846518344e-02
-5.934334685505077145e-02
-8.175257978242980728e-02
-1.055047563269716632e-01
-9.677443549599173966e-02
1.189329711968275215e-02
1.569101086454723071e-02
3.191461931772530125e-01
2.460938937166666229e-01
-2.357382674357287877e-01
2.964864161503984463e-01
-4.125833056553902811e-02
2.913276516928046123e-01
-1.091357417162674148e-01
-2.244437286316734725e-01
1.868203995958832644e-02
7.959263548021052737e-01
-7.399852143456943365e-02
-5.710776817954839046e-01
-1.319767598264842967e-01
-1.172241627085770788e-01
-1.586718600220325404e-01
-9.464127496370355538e-03
-1.952579492123648203e-02
3.815948682148284643e-01
-8.784170755763812122e-02
-1.586078083540574113e-01
-1.260431270582703656e-01
-2.770797744925478368e-01
-6.855289814225476452e-02
3.319129995365945329e-01
4.682943892510659650e-02
4.440298519384340559e-02
2.871645465244630768e-02
-3.183970825849775921e-02
-1.377944429341775023e-01
7.178370855339043510e-01
-3.406604822235059782e-01
-1.522147179620805257e-01
-4.067913556393918939e-01
-2.506494620369583148e-01
2.214831067106781959e-01
-5.226032971117691717e-02
2.675448726761937845e-02
-1.558912348192253994e-01
-5.420808100237284322e-02
1.456769220893691374e-01
1.736701650422599677e-02
1.768132001972248790e-02
-7.584886423243836565e-03
-3.497401511106596611e-02
7.989276985779131951e-03
-3.981096519904855219e-02
-1.174066851259650789e-02
-3.381588582651215424e-02
2.384666374133180208e-02
3.290189833008586029e-02
1.994164174227927230e-02
-4.502807079602633893e-04
-3.249063564845176832e-02
-2.478363551749796639e-02
-4.524886877828040825e-03
-1.325655614957937760e-02
9.423313117200833242e-03
1.766733960392021918e-03
3.338304302977812554e-02
2.216738140705093105e-02
-6.993516500638926985e-03
1.764296404954150688e-02
-1.627649275931482981e-02
3.475942751227813210e-02
-8.681180365004304705e-03
-1.092193012766001226e-01
-2.276421165174826941e-02
-2.170548420120918184e-02
-2.149167983538508020e-02
2.780686723466497742e-02
-5.386698266120537593e-03
-2.561119499332411426e-02
-3.843187086102134442e-02
-2.946933751323707021e-04
-1.939600641031543693e-03
3.712823069438352108e-02
-7.683937078693279382e-03
-1.149688198380675180e-02
5.263369879758174330e-02
-2.514903536418729157e-02
1.736742730740334015e-02
1.055274573867844012e-02
