-1.352527450541575194e-01
-1.223628515485975371e-01
-1.247705043041050926e-01
-8.582134982054699657e-02
-1.277687249266525882e-01
-3.244920572675428355e-02
-1.929583826424013243e-02
4.557112230572239568e-03
5.117361562472139136e-02
-8.096019723687179759e-02
-2.176034449665037104e-02
-1.015194495777980120e-02
9.642905884476490538e-03
3.895171098683703620e-02
3.867628565886098435e-02
4.270296142963710823e-02
2.226616281373203915e-02
2.130822150777697543e-02
2.186987098688880637e-02
3.489812400473154413e-02
3.169281691761860476e-02
-1.410545067536046662e-03
-2.891163806644943962e-03
-1.030823844210944917e-01
-7.237268051192180529e-02
7.484419825577315333e-02
-1.035759215361254232e-01
8.987957081022101766e-03
-8.144849351298437401e-02
3.867252866268595934e-02
7.465389345212104788e-02
-7.911168997687645713e-03
-2.473436669216821093e-01
2.564181381795362091e-02
1.746658750471083432e-01
4.254504873993567721e-02
3.141951955039112149e-02
5.679532790367887440e-02
4.462724055288142498e-04
8.913503708312540269e-03
-1.185971044238599698e-01
3.111333507948338406e-02
4.733947712593469803e-02
3.450012368907835053e-02
8.946214225650708785e-02
1.593585007846426774e-02
-1.040936706439259812e-01
-1.741004739191708006e-02
-1.590080014515848211e-02
-2.390110617637197440e-02
1.791168477771337003e-02
3.916658583367001178e-02
-2.235016371605355878e-01
9.924751448214870486e-02
3.972841982861564231e-02
1.298413090549829785e-01
8.701371920815016703e-02
-6.706635938220034676e-02
1.387760170335572245e-02
-2.142357399839745196e-03
5.193683022263614890e-02
1.845218797669041094e-02
-5.099381705429092970e-02
-3.274664979850795167e-03
-6.515994667003389799e-03
-4.073711249113433699e-03
1.113755475860094511e-02
1.686799862146052902e-04
1.777774743917395414e-02
7.732040506475260956e-04
1.556834042628848364e-02
-5.119663582363168965e-03
-3.700003669994675077e-03
-5.377746839672496552e-03
-7.530463790430209393e-03
8.437166767493422398e-03
-1.299485107522903955e-03
5.418178982918982374e-03
4.221620209474914558e-03
-1.184664884026331725e-03
8.064857568600940349e-04
-8.685084872363815767e-03
-3.691061880522146770e-03
-1.370238107316832472e-03
-5.617834903283895967e-03
1.620500211708037624e-02
-5.050355122244952304e-03
1.147435025332962065e-02
3.849316380322979902e-02
1.094431050985308733e-02
5.253131293109099785e-03
7.430800155036239481e-03
-5.950870272652207700e-03
4.703183856243514996e-03
1.835087574958656643e-03
6.069984166302164370e-03
-5.548488793765095177e-03
6.180865381863432598e-04
5.181013249408236839e-04
6.312214537091307646e-04
5.192539124839377906e-03
-2.343663617225150847e-02
1.702310493993174773e-02
-3.041827320525478974e-03
-4.798421992473053156e-03
