3.451036767986624954e-01
-3.459024242079181688e-01
5.762914844786029889e+00
4.438902374350425228e-01
5.160272132212966323e-01
-1.798136026260639952e-01
-2.265718341369533373e-01
-2.217903257317590041e-02
3.943157194021317258e-01
7.020743096634234348e-01
-1.532261904034213362e-01
-8.601326374663495478e-02
-4.680850340661343978e+00
-2.952971111309558028e-01
-1.201712206727049592e+00
-1.325648437348029951e+00
-8.807204218239157445e-01
-1.412735557466517911e+00
-1.018467213694439488e+00
-2.422975002912929998e+00
-1.244710787036412469e+00
-1.769602486834739752e+00
-1.453373473431036844e+00
-1.278530468409178056e+00
-7.522726663084602361e-01
-2.516242250964094040e+00
-1.295984274438272799e+00
-1.857769228294693153e+00
-2.715749085268132301e+00
-1.105507555040771583e+00
1.957227680017908256e+00
3.275983784079155026e+00
-1.002062380060242841e+00
-2.170837139684861583e+00
-3.257986645588695773e-01
-6.741702080373048744e-01
4.019640344785763375e+00
4.236527199933377563e-01
-4.482055333511242301e-02
-4.157885793181659850e-01
-9.279743322027710350e-01
-1.461367764545311032e-01
5.371763258098504606e-02
-6.172939353476210478e+00
2.028016475297463039e-01
-4.509917585142314556e-02
-9.381141145060853392e-02
1.517521223910764661e-01
-1.347586130743518018e-01
-2.961659952321464839e-01
-1.285366238596524102e+00
2.468658144674055421e+00
1.485418277234850926e-01
-2.414956591067309422e+00
1.274349871630805486e+00
4.357479815096691050e-02
-4.193729012369135090e-01
-3.916858830055184870e-01
-1.649074938988881189e-01
-5.812202025076089462e-02
4.623457683834095167e-01
1.637995868899847496e-01
-1.230706829411742920e+00
-9.091294171739044971e-01
-2.511175219870414477e+00
-5.345606579231231281e-01
-3.305906456518971637e-01
-3.081878056324214299e+00
-1.392553979615940296e+00
1.313259623329806836e+00
7.647284858829236365e-01
1.061728626704154799e+00
-6.016249555759497492e-01
-3.801716234147220486e-01
-1.070196939981807560e+01
1.384245752250314321e-01
-4.880357751830343149e-01
4.755534102617486880e+00
-8.473280526320289274e-01
1.116288605108034515e+00
9.329200119098672861e-01
-1.794406807609826071e+00
3.837244049046913408e-01
-1.196395177450390035e+00
-6.127132432303223908e-01
-1.288304797449776884e-01
-2.940602123535507761e+00
-5.611244868744457159e-01
-6.202570853497898495e-01
1.003702022807920091e+00
1.006196257840292985e+00
2.085191447043809987e+00
-2.718820147024024192e-01
1.418444333896325127e-01
-1.043329861832403838e+00
-1.203734969237248098e+00
7.527245937849553759e-01
1.484483802487997217e-01
-4.153832387800103221e-01
